rate 100 428717.5384615384 1.4805346762989542 0.9103124816280538 0.15429586890997066 67523.09198284999 10717.938461538464 0.5043257744647041
rate 200 407832.6153846154 1.4562900335820357 0.9120624762274335 0.1516396993458889 64208.82129309994 10195.815384615384 0.5321510284595161
rate 300 427436.717948718 1.567907475983643 0.9128610889065797 0.14319742732165902 68057.74002535005 10685.917948717948 0.5178478154051689
rate 400 410329.0256410256 1.5506572655076512 0.9153603943295179 0.14750523511895544 64787.98205624985 10258.225641025641 0.5197634082751849
rate 500 452571.8974358975 1.4900460827728272 0.9159143987844731 0.14099588859447118 73155.75333344995 11314.297435897435 0.5332338102387142
rate 600 415995.0769230769 1.5403826185973153 0.9087969773854772 0.14740028737191196 65656.23779475 10399.876923076923 0.5511700298180704
rate 700 418369.6410256411 1.4981644559934941 0.9097721065201322 0.15712633005026122 65951.70763374996 10459.241025641026 0.5360932388449965
rate 800 417192.2051282051 1.5470441028023059 0.9139516959234836 0.14692308124685816 65742.89942795 10429.805128205127 0.46295168524895114
rate 900 422536.1668608153 1.505826701475064 0.9079855189027635 0.14903899359545952 66598.7304203 10563.404171520382 0.553863796433298
rate 1000 425686.9656333773 1.565820058923026 0.9115103254403586 0.14997890749292922 67330.31894829999 10642.174140834431 0.5097033517784682
