rate 100 414274.87179487187 1.5627444277836522 0.903416505535156 0.15554162447506564 65632.45983569999 10356.871794871793 0.5146227234348747
rate 200 413072.41025641025 1.532719181897178 0.907557862179804 0.15003338605920488 65250.894706399995 10326.810256410256 0.526917939839545
rate 300 423208.2051282051 1.5060376907076478 0.912925991904143 0.14993080852489774 66829.40064659997 10580.205128205127 0.5515587981388314
rate 400 424683.8488322867 1.4792146894460718 0.9119188352221365 0.14869259881662358 66732.22044939997 10617.096220807169 0.5293718488489095
rate 500 409897.435897436 1.5638264698438245 0.9050875399302132 0.15138176883444493 65047.395585899896 10247.435897435895 0.5382963879353612
rate 600 404642.87179487175 1.5601085233969647 0.9085724620590703 0.1490369493349982 64565.34798800012 10116.071794871796 0.5263188300289781
rate 700 435300.9230769231 1.5597729310547477 0.9113622676199522 0.1436295162886894 70260.40239935003 10882.523076923073 0.4552085241345553
rate 800 415179.4871794871 1.6444293209077834 0.9059563125131236 0.15272638040091385 65911.92366739997 10379.487179487181 0.5150018944489914
rate 900 458347.8974358975 1.4497091932719899 0.9051415402174229 0.15242465219183587 74071.82736035009 11458.697435897435 0.5355573505364708
rate 1000 424803.6923076923 1.4886145496058778 0.9042553266738903 0.15084666467781174 67553.82463159999 10620.092307692308 0.5091244346082074
